service_id,monday,tuesday,wednesday,thursday,friday,saturday,sunday,start_date,end_date
L101-1_261842,1,1,1,1,1,1,1,20260327,20261031
L101-2_261843,1,1,1,1,1,1,1,20260327,20261031
L101-3_261844,1,1,1,1,1,1,1,20260327,20261031
L101-4_261845,1,1,1,1,1,1,1,20260327,20261031
L101-13_261846,1,1,1,1,1,1,1,20260327,20261031
L102-1_261847,1,1,1,1,1,1,0,20260327,20261031
L102-1_261848,0,0,0,0,0,0,1,20260327,20261031
L102-2_261849,1,1,1,1,1,1,1,20260327,20261031
L102-3_261850,1,1,1,1,1,1,0,20260327,20261031
L102-3_261851,0,0,0,0,0,0,1,20260327,20261031
L102-4_262083,1,1,1,1,1,1,0,20260331,20261031
L102-4_261853,0,0,0,0,0,0,1,20260327,20261031
L102-5_261854,1,1,1,1,1,1,0,20260327,20261031
L102-5_261855,0,0,0,0,0,0,1,20260327,20261031
L102-6_261856,1,1,1,1,1,1,0,20260327,20261031
L102-6_261857,0,0,0,0,0,0,1,20260327,20261031
L102-8_262080,1,1,1,1,1,1,0,20260331,20261031
L102-7_261858,1,1,1,1,1,1,0,20260327,20261031
L103-1_261860,1,1,1,1,1,1,0,20260327,20261031
L103-1_261861,0,0,0,0,0,0,1,20260327,20261031
L103-2_261862,1,1,1,1,1,1,0,20260327,20261031
L103-2_261863,0,0,0,0,0,0,1,20260327,20261031
L103-3_261864,1,1,1,1,1,1,0,20260327,20261031
L103-4_261867,1,0,0,0,0,0,0,20260327,20261031
L103-4_261865,0,1,1,1,1,1,0,20260327,20261031
L103-4_261866,0,0,0,0,0,0,1,20260327,20261031
L103-5_261869,1,1,1,1,1,1,1,20260327,20261031
L104-1_262121,1,1,1,1,1,1,1,20260421,20260530
L104-1_272292,1,1,1,1,1,1,1,20260601,20260930
L104-1_272294,1,1,1,1,1,1,1,20261001,20261031
L104-2_272280_1,1,1,1,1,1,1,1,20260519,20260531
L104-2_272293,1,1,1,1,1,1,1,20260601,20260930
L104-2_272280_2,1,1,1,1,1,1,1,20261001,20261031
L105-9_261872,1,1,1,1,1,1,1,20260327,20261031
L105-10_261873,1,1,1,1,1,1,1,20260327,20261031
L105-11_262038,1,1,1,1,1,1,0,20260327,20261031
L106-1_261730,1,1,1,1,1,1,0,20260327,20261031
L106-1_261731,0,0,0,0,0,0,1,20260327,20261031
L106-2_261732,1,1,1,1,1,1,0,20260327,20261031
L106-2_261733,0,0,0,0,0,0,1,20260327,20261031
L106-5_261734,1,1,1,1,1,1,0,20260327,20261031
L106-5_261735,0,0,0,0,0,0,1,20260327,20261031
L106-7_261736,1,1,1,1,1,1,0,20260327,20261031
L106-8_262039,1,1,1,1,1,1,0,20260327,20261031
L107-1_261739,1,1,1,1,1,1,0,20260327,20261031
L107-1_261740,0,0,0,0,0,0,1,20260327,20261031
L107-2_261741,1,1,1,1,1,1,0,20260327,20261031
L107-2_261742,0,0,0,0,0,0,1,20260327,20261031
L107-5_261743,1,1,1,1,1,1,0,20260227,20261031
L107-5_261744,0,0,0,0,0,0,1,20260327,20261031
L108-1_261747,1,1,1,1,1,1,1,20260327,20261031
L108-2_261748,1,1,1,1,1,1,1,20260327,20261031
L108-3_261749,1,1,1,1,1,1,1,20260327,20261031
L121-2_261874,1,1,1,1,1,1,0,20260327,20261031
L121-2_261875,0,0,0,0,0,0,1,20260327,20261031
L121-3_261876,1,1,1,1,1,1,1,20260327,20261031
L121-4_261877,1,1,1,1,1,1,1,20260327,20261031
L121-5_261878,1,1,1,1,1,1,1,20260327,20261031
L122-1_261879,1,1,1,1,1,1,1,20260327,20261031
L122-3_261880,0,0,1,0,0,0,0,20260327,20261031
L123-1_261775,1,1,1,1,1,1,1,20260327,20261031
L123-2_261776,1,1,1,1,1,1,1,20260327,20261031
L131-1_261838,1,1,1,1,1,1,1,20260501,20260930
L131-2_261839,1,1,1,1,1,1,1,20260501,20260930
L201-1_261164,1,1,1,1,1,0,0,20251101,20351031
L201-1_261165,0,0,0,0,0,1,1,20251101,20351031
L201-2_261166,1,1,1,1,1,1,1,20251101,20351031
L201-3_261167,1,1,1,1,1,1,1,20251101,20351031
L201-4_261168,1,1,1,1,1,1,1,20251101,20351031
L202-2_228964,1,1,1,1,1,0,0,20241101,20300930
L202-2_228965,0,0,0,0,0,1,1,20241101,20300930
L202-5_228966,1,1,1,1,1,0,0,20241101,20300930
L202-6_228967,1,1,1,1,1,0,0,20241101,20300930
L202-8_228968,1,1,1,1,1,0,0,20241101,20300930
L202-9_261751,0,0,0,0,0,1,1,20260327,20350228
L202-10_228958,1,1,1,1,1,0,0,20241101,20300930
L202-10_261750,0,0,0,0,0,1,1,20260327,20350228
L202-12_228960,0,0,0,0,0,1,1,20241101,20300930
L202-13_228961,1,1,1,1,1,0,0,20241101,20300930
L202-13_228962,0,0,0,0,0,1,1,20241101,20300930
L202-14_228963,1,1,1,1,1,0,0,20241101,20300930
L203-2_261756,0,0,0,0,0,1,1,20260301,20261130
L203-4_261757,1,1,1,1,1,0,0,20260301,20261130
L203-5_261758,1,1,1,1,1,0,0,20260301,20261130
L203-6_261759,1,1,1,1,1,0,0,20260301,20261130
L203-7_262111,1,1,1,1,1,0,0,20260410,20261031
L203-7_262112,0,0,0,0,0,1,1,20260410,20261031
L203-8_262113,1,1,1,1,1,0,0,20260410,20261031
L203-8_262114,0,0,0,0,0,1,1,20260410,20261031
L203-9_261764,0,0,0,0,0,1,1,20260301,20261130
L203-10_261754,1,1,1,1,1,0,0,20260301,20261130
L203-10_261755,0,0,0,0,0,1,1,20260301,20261130
L204-1_261883,1,1,1,1,1,1,1,20260327,20261031
L204-2_272281,1,1,1,1,1,1,1,20260519,20261031
L205-1_261179,1,1,1,1,1,0,0,20251101,20351031
L205-2_261180,1,1,1,1,1,0,0,20251101,20351031
L205-2_261181,0,0,0,0,0,1,1,20251101,20351031
L205-3_261182,1,1,1,1,1,0,0,20251101,20351031
L205-4_261183,1,1,1,1,1,0,0,20251101,20351031
L205-5_261489,1,1,1,1,1,0,0,20251108,20351031
L205-5_261185,0,0,0,0,0,1,1,20251101,20351031
L205-6_261186,1,1,1,1,1,0,0,20251101,20351031
L205-7_261187,1,1,1,1,1,0,0,20251101,20351031
L231-1_261803,1,1,1,1,1,1,1,20260327,20261031
L231-2_261804,1,1,1,1,1,1,1,20260327,20261031
L232-1_261886,1,1,1,1,1,0,0,20260327,20261031
L232-1_261887,0,0,0,0,0,1,1,20260327,20261031
L232-2_261888,1,1,1,1,1,0,0,20260327,20261031
L232-2_261889,0,0,0,0,0,1,1,20260327,20261031
L301-1_261811,1,1,1,1,1,1,1,20260327,20261031
L301-3_261812,1,1,1,1,1,1,1,20260327,20261031
L301-53_261813,1,1,1,1,1,1,1,20260327,20261031
L301-54_261814,1,1,1,1,1,1,1,20260327,20261031
L301-57_261815,1,1,1,1,1,1,1,20260327,20261031
L301-58_261816,1,1,1,1,1,1,1,20260327,20261031
L302-1_261817,1,1,1,1,1,1,1,20260327,20261031
L302-2_261818,1,1,1,1,1,1,1,20260327,20261031
L302-3_261819,1,1,1,1,1,1,1,20260327,20261031
L302-4_262245,1,1,1,1,1,1,1,20260501,20261031
L302-11_261821,1,1,1,1,1,1,1,20260327,20261031
L302-12_262092,1,1,1,1,1,1,1,20260401,20261031
L302-23_261823,1,1,1,1,1,1,1,20260327,20261031
L302-24_261824,1,1,1,1,1,1,1,20260327,20261031
L302-25_261825,1,1,1,1,1,1,1,20260327,20261031
L302-26_261826,1,1,1,1,1,1,1,20260327,20261031
L303-1_261194,1,1,1,1,1,0,0,20251101,20351031
L303-2_261195,1,1,1,1,1,0,0,20251101,20351031
L303-2_261196,0,0,0,0,0,1,1,20251101,20351031
L303-3_261197,1,1,1,1,1,0,0,20251101,20351031
L303-3_261198,0,0,0,0,0,1,1,20251101,20351031
L303-4_261199,1,1,1,1,1,0,0,20251101,20351031
L303-4_261200,0,0,0,0,0,1,1,20251101,20351031
L303-7_261201,1,1,1,1,1,0,0,20251101,20351031
L303-7_261202,0,0,0,0,0,1,1,20251101,20351031
L304-1_260913,1,1,1,1,1,0,0,20250924,20300930
L304-1_218289,0,0,0,0,0,1,1,20240502,20301031
L304-2_260914,1,1,1,1,1,0,0,20250924,20300930
L304-2_218291,0,0,0,0,0,1,1,20240502,20301031
L304-3_218292,1,1,1,1,1,0,0,20240502,20301031
L304-5_218294,1,1,1,1,1,0,0,20240502,20301031
L311-2_228854,1,1,1,1,1,0,0,20241001,20341231
L311-2_207727,0,0,0,0,0,1,1,20240301,20300228
L312-1_228851,1,1,1,1,1,0,0,20241001,20351231
L312-1_218300,0,0,0,0,0,1,1,20240502,20301231
L312-2_260934,1,1,1,1,1,0,0,20250926,20300930
L312-2_207860,0,0,0,0,0,1,1,20240306,20300331
L312-5_260935,1,1,1,1,1,0,0,20250926,20300930
L312-5_207861,0,0,0,0,0,1,1,20240306,20300331
L312-6_260911,1,1,1,1,1,0,0,20250924,20300930
L312-6_207863,0,0,0,0,0,1,1,20240306,20300331
L312-7_260912,1,1,1,1,1,0,0,20250924,20300930
L312-7_207865,0,0,0,0,0,1,1,20240306,20300331
L313-1_261581,1,1,1,1,1,0,0,20251218,20351130
L313-1_228760,0,0,0,0,0,1,1,20240903,20300228
L314-1_207795,1,1,1,1,1,0,0,20240301,20300228
L314-1_207749,0,0,0,0,0,1,1,20240301,20300228
L314-2_207750,1,1,1,1,1,0,0,20240301,20300228
L314-3_207751,1,1,1,1,1,0,0,20240301,20300228
L314-4_207752,1,1,1,1,1,0,0,20240301,20300228
L314-5_207753,1,1,1,1,1,0,0,20240301,20300228
L314-6_207754,1,1,1,1,1,0,0,20240301,20300228
L315-9_261890,1,1,1,1,1,1,1,20260327,20261031
L315-10_261891,1,1,1,1,1,1,1,20260327,20261031
L316-5_261900,1,1,1,1,1,0,0,20260327,20261031
L316-5_261901,0,0,0,0,0,1,1,20260327,20261031
L316-1_261892,1,1,1,1,1,0,0,20260327,20261031
L316-1_261893,0,0,0,0,0,1,1,20260327,20261031
L316-2_261894,1,1,1,1,1,0,0,20260327,20261031
L316-2_261895,0,0,0,0,0,1,1,20260327,20261031
L316-3_261896,1,1,1,1,1,0,0,20260327,20261031
L316-3_262091,0,0,0,0,0,1,1,20260401,20261031
L316-4_261898,1,1,1,1,1,0,0,20260327,20261031
L316-4_261899,0,0,0,0,0,1,1,20260327,20261031
L316-6_261902,1,1,1,1,1,0,0,20260327,20261031
L316-7_261903,1,1,1,1,1,0,0,20260327,20261031
L321-8_261805,1,1,1,1,1,1,1,20260327,20261031
L321-9_261806,1,1,1,1,1,1,1,20260327,20261031
L321-10_261807,1,1,1,1,1,1,1,20260327,20261031
L321-11_261808,1,1,1,1,1,1,1,20260327,20261031
L322-9_272276,1,1,1,1,1,0,0,20261019,20261031
L322-9_272278,1,1,1,1,1,1,1,20260515,20261018
L322-9_272277,0,0,0,0,0,1,1,20261019,20261031
L322-13_272274,1,1,1,1,1,0,0,20261019,20261031
L322-13_272273,1,1,1,1,1,1,1,20260515,20261018
L322-13_272275,0,0,0,0,0,1,1,20261019,20261031
L322-17_262057,1,1,1,1,1,0,0,20260327,20261014
L322-17_272271,1,1,1,1,1,0,0,20261019,20261031
L323-2_261835,1,1,1,1,1,1,1,20260501,20261031
L323-3_261836,1,1,1,1,1,1,1,20260501,20261031
L324-1_261801,1,1,1,1,1,1,1,20260327,20261031
L324-2_261802,1,1,1,1,1,1,1,20260327,20261031
L325-1_261833,1,1,1,1,1,1,1,20260501,20261031
L325-2_261834,1,1,1,1,1,1,1,20260501,20261031
L327-1_261837,1,1,1,1,1,1,1,20260501,20261031
L331-1_261641,0,0,0,0,0,1,1,20251223,20351130
L331-2_261526,0,0,0,0,0,1,1,20251117,20351130
L334-3_272267,1,1,1,1,1,1,1,20260515,20261018
L334-4_272268,1,1,1,1,1,1,1,20260515,20261018
L334-7_272269,1,1,1,1,1,1,1,20260515,20261018
L334-8_272270,1,1,1,1,1,1,1,20260515,20261018
L341-1_261524,1,1,1,1,1,0,0,20251117,20351130
L341-1_262199,0,0,0,0,0,1,0,20260429,20261031
L341-3_261722,1,1,1,1,1,0,0,20260210,20300228
L341-3_261723,0,0,0,0,0,1,0,20260210,20300228
L341-2_261724,1,1,1,1,1,0,0,20260210,20300228
L341-4_262198,0,0,0,0,0,0,1,20260429,20350430
L341-5_207492,0,0,0,0,0,0,1,20240120,20300131
L342-3_261517,1,1,1,1,1,0,0,20251117,20351130
L342-3_261518,0,0,0,0,0,1,1,20251117,20351130
L342-4_261519,1,1,1,1,1,0,0,20251117,20351130
L342-4_261520,0,0,0,0,0,1,1,20251117,20351130
L342-5_261521,1,1,1,1,1,0,0,20251117,20351130
L342-7_261522,1,1,1,1,1,0,0,20251117,20351130
L342-7_261523,0,0,0,0,0,1,1,20251117,20351130
L343d-1_261541,1,1,1,1,1,0,0,20251117,20351130
L343d-2_261542,1,1,1,1,1,0,0,20251117,20351130
L401-1_261908,1,1,1,1,1,1,1,20260327,20261031
L401-2_272253,1,1,1,1,1,1,1,20260508,20261031
L401-3_261910,1,1,1,1,1,1,1,20260327,20261031
L401-5_261912,1,1,1,1,1,1,1,20260327,20261031
L401-10_261913,0,0,0,0,0,1,1,20260327,20261031
L401-13_272252,1,1,1,1,1,1,1,20260508,20261031
L401-14_261915,1,1,1,1,1,0,0,20260327,20261031
L401-16_261916,1,1,1,1,1,1,1,20260327,20261031
L401-17_261917,1,1,1,1,1,0,0,20260327,20261031
L401-18_261918,1,1,1,1,1,1,1,20260327,20261031
L401-19_261933,1,1,1,1,1,1,1,20260327,20261031
L401-23_261919,1,1,1,1,1,1,1,20260327,20261031
L401-51_261920,1,1,1,1,1,1,1,20260327,20261031
L401-52_272254,1,1,1,1,1,1,1,20260508,20261031
L401-53_261922,1,1,1,1,1,1,1,20260327,20261031
L401-54_272255,1,1,1,1,1,1,1,20260508,20261031
L401-56_272256,1,1,1,1,1,1,1,20260508,20261031
L401-55_261924,1,1,1,1,1,1,1,20260327,20261031
L401-63_272257,1,1,1,1,1,1,1,20260508,20261031
L401-73_261928,1,1,1,1,1,1,1,20260327,20261031
L401-74_272258,1,1,1,1,1,1,1,20260508,20261031
L401-75_272259,1,1,1,1,1,1,1,20260508,20261031
L401-76_272260,1,1,1,1,1,1,1,20260508,20261031
L401-78_272261,1,1,1,1,1,1,1,20260508,20261031
L401-68_261927,1,1,1,1,1,1,1,20260327,20261031
L403-1_261934,1,1,1,1,1,0,0,20260327,20261031
L403-1_261935,0,0,0,0,0,1,1,20260327,20261031
L403-2_261936,1,1,1,1,1,0,0,20260327,20261031
L403-2_261937,0,0,0,0,0,1,1,20260327,20261031
L403-4_261440,1,1,1,1,1,0,0,20251101,20351031
L403-4_262098,0,0,0,0,0,1,1,20260408,20261031
L411-1_262088,1,1,1,1,1,1,1,20260331,20261031
L411-2_261944,1,1,1,1,1,1,1,20260327,20261031
L411-9_261946,0,1,0,0,0,0,0,20260327,20261031
L411-10_261945,0,1,0,0,0,0,0,20260327,20261031
L411e-1_261947,1,1,1,1,1,1,1,20260327,20261031
L411e-2_261948,1,1,1,1,1,1,1,20260327,20261031
L411e-4_261949,1,1,1,1,1,1,1,20260327,20261031
L412-2_261778,1,1,1,1,1,1,1,20260327,20261031
L412-1_261777,1,1,1,1,1,1,1,20260327,20261031
L416-1_262122,1,1,1,1,1,0,0,20260424,20261031
L416-6_262124,1,1,1,1,1,1,1,20260424,20261031
L416-5_262123,1,1,1,1,1,1,1,20260424,20261031
L416-7_262125,1,1,1,1,1,1,1,20260424,20261031
L416-9_262126,1,1,1,1,1,1,1,20260424,20261031
L416-10_262127,1,1,1,1,1,1,1,20260424,20261031
L416-11_262128,1,1,1,1,1,1,1,20260424,20261031
L416-12_262129,1,1,1,1,1,1,1,20260424,20261031
L416-13_262130,1,1,1,1,1,1,1,20260424,20261031
L417-3_261476,1,1,1,1,1,0,0,20251101,20351031
L417-4_229744,1,1,1,1,1,0,0,20250201,20310131
L417-11_261397,1,1,1,1,1,0,0,20251101,20351031
L417-11_261398,0,0,0,0,0,1,1,20251101,20351031
L417-12_261399,1,1,1,1,1,0,0,20251101,20351031
L417-12_261400,0,0,0,0,0,1,1,20251101,20351031
L421-1_261827,1,1,1,1,1,0,0,20260327,20261031
L421-1_261828,0,0,0,0,0,1,1,20260327,20261031
L421-2_261829,1,1,1,1,1,0,0,20260327,20261031
L421-2_261830,0,0,0,0,0,1,1,20260327,20261031
L421-3_261831,0,0,0,0,0,1,1,20260327,20261031
L421-4_261832,0,0,0,0,0,1,1,20260327,20261031
L422-1_261780,1,1,1,1,1,1,1,20260327,20261031
L422-2_261781,1,1,1,1,1,1,1,20260327,20261031
L423-1_261782,1,1,1,1,1,1,1,20260327,20261031
L423-2_261783,1,1,1,1,1,1,1,20260327,20261031
L424-1_261784,1,1,1,1,1,1,1,20260327,20261031
L424-2_272262,1,1,1,1,1,1,1,20260508,20261031
L424-3_261786,1,1,1,1,1,1,1,20260327,20261031
L425-1_272295,1,1,1,1,1,1,1,20260523,20261016
L425-2_272286,1,1,1,1,1,1,1,20260521,20261016
L427-4_262059,1,1,1,1,1,1,1,20260327,20261031
L428-1_262131,1,1,1,1,1,1,1,20260424,20261031
L428-2_262132,1,1,1,1,1,1,1,20260424,20261031
L428-3_262133,1,1,1,1,1,1,1,20260424,20261031
L428-4_262134,1,1,1,1,1,1,1,20260424,20261031
L428-5_262135,1,1,1,1,1,1,1,20260424,20261031
L431d-1_206970,1,1,1,1,1,0,0,20231101,20301231
L431d-2_206971,1,1,1,1,1,0,0,20231101,20301231
L432-3_261954,1,1,1,1,1,0,0,20260327,20261031
L432-3_261955,0,0,0,0,0,1,0,20260327,20261031
L432-3_261956,0,0,0,0,0,0,1,20260327,20261031
L432-4_261957,1,1,1,1,1,0,0,20260327,20261031
L432-4_261958,0,0,0,0,0,1,0,20260327,20261031
L432-4_261959,0,0,0,0,0,0,1,20260327,20261031
L432-5_261960,1,1,1,1,1,0,0,20260327,20261031
L441-3_261582,1,1,1,1,1,0,0,20251220,20301231
L441-3_261583,0,0,0,0,0,1,1,20251220,20301231
L441-4_261544,1,1,1,1,1,0,0,20251120,20351130
L441-4_229159,0,0,0,0,0,1,1,20241101,20301031
L442-1_261529,1,1,1,1,1,0,0,20251117,20351130
L442-1_261530,0,0,0,0,0,1,1,20251117,20351130
L442-2_261531,1,1,1,1,1,0,0,20251117,20351130
L442-2_261532,0,0,0,0,0,1,1,20251117,20351130
L442-4_261534,1,1,1,1,1,0,0,20251117,20351130
L442-3_261533,1,1,1,1,1,0,0,20251117,20351130
L442-5_261535,1,1,1,1,1,0,0,20251117,20351130
L501-1_261973,1,1,1,1,1,0,0,20260327,20261031
L501-1_261974,0,0,0,0,0,1,0,20260327,20261031
L501-1_262099,0,0,0,0,0,0,1,20260408,20261031
L501-2_261976,1,1,1,1,1,0,0,20260327,20261031
L501-2_261977,0,0,0,0,0,1,0,20260327,20261031
L501-2_261978,0,0,0,0,0,0,1,20260327,20261031
L501-3_261979,1,1,1,1,1,0,0,20260327,20261031
L501-3_261980,0,0,0,0,0,1,0,20260327,20261031
L501-3_261981,0,0,0,0,0,0,1,20260327,20261031
L501-5_261985,1,1,1,1,1,0,0,20260327,20261031
L501-5_261987,0,0,0,0,0,1,0,20260327,20261031
L501-5_261986,0,0,0,0,0,0,1,20260327,20261031
L501-7_261989,1,1,1,1,1,0,0,20260327,20261031
L501-15_262089,1,1,1,1,1,0,0,20260331,20261031
L501-4_261982,1,1,1,1,1,0,0,20260327,20261031
L501-4_261984,0,0,0,0,0,1,0,20260327,20261031
L501-4_262100,0,0,0,0,0,0,1,20260408,20261031
L501-6_261988,1,1,1,1,1,1,0,20260327,20261031
L501-19_261996,1,1,1,1,1,0,0,20260413,20260619
L501-19_261997,1,1,1,1,1,0,0,20260909,20261031
L501e-1_262078,1,1,1,1,1,0,0,20260331,20261031
L501e-1_262079,0,0,0,0,0,1,0,20260331,20261031
L501e-2_262081,1,1,1,1,1,0,0,20260331,20261031
L501e-2_262082,0,0,0,0,0,1,0,20260331,20261031
L504-1_262085_1,1,1,1,1,1,1,1,20260331,20260531
L504-1_272306,1,1,1,1,1,1,1,20260601,20260930
L504-1_262085_2,1,1,1,1,1,1,1,20261001,20261031
L504-2_262086_1,1,1,1,1,1,1,1,20260331,20260531
L504-2_272307,1,1,1,1,1,1,1,20260601,20260930
L504-2_262086_2,1,1,1,1,1,1,1,20261001,20261031
L504-5_262005,1,1,1,1,1,1,0,20260327,20261031
L504-7_262087,1,1,1,1,1,1,1,20260331,20261031
L505-5_262006_1,1,1,1,1,1,1,1,20260327,20260531
L505-5_272304,1,1,1,1,1,1,1,20260601,20260930
L505-5_262006_2,1,1,1,1,1,1,1,20261001,20261031
L505-6_262007_1,1,1,1,1,1,1,1,20260327,20260531
L505-6_272305,1,1,1,1,1,1,1,20260601,20260930
L505-6_262007_2,1,1,1,1,1,1,1,20261001,20261031
L508-6_262008,1,1,1,1,1,0,0,20260327,20261031
L508-6_262009,0,0,0,0,0,1,1,20260327,20261031
L508-7_262097,1,1,1,1,1,0,0,20260402,20261031
L508-7_262011,0,0,0,0,0,1,1,20260327,20261031
L508-8_262012,1,1,1,1,1,0,0,20260327,20261031
L508-8_262013,0,0,0,0,0,1,1,20260327,20261031
L508-9_262014,1,1,1,1,1,0,0,20260327,20261031
L508-9_262015,0,0,0,0,0,1,1,20260327,20261031
L512-1_262016,1,1,1,1,1,1,1,20260327,20261031
L512-7_262017,1,1,1,1,1,0,0,20260327,20261031
L514-1_262194,1,1,1,1,1,0,0,20260429,20261031
L514-1_262195,0,0,0,0,0,1,1,20260429,20261031
L514-6_262196,1,1,1,1,1,0,0,20260429,20261031
L514-6_262197,0,0,0,0,0,1,1,20260429,20261031
L514-3_261789,1,1,1,1,1,0,0,20260327,20261031
L514-3_261790,0,0,0,0,0,1,1,20260327,20261031
L514-5_261791,1,1,1,1,1,0,0,20260327,20261031
L514-5_261792,0,0,0,0,0,1,1,20260327,20261031
L514-7_261795,1,1,1,1,1,0,0,20260327,20261031
L514-7_261796,0,0,0,0,0,1,1,20260327,20261031
L514-8_261797,1,1,1,1,1,0,0,20260327,20261031
L514-8_261798,0,0,0,0,0,1,1,20260327,20261031
L515-1_262018,1,1,1,1,1,0,0,20260327,20261031
L515-1_262019,0,0,0,0,0,1,1,20260327,20261031
L515-2_262020,1,1,1,1,1,1,1,20260327,20261031
L515-4_262021,0,0,1,0,0,1,0,20260327,20261031
L515-5_262022,0,0,1,0,0,1,0,20260327,20261031
L515e-1_262023,1,1,1,1,1,0,0,20260327,20261031
L515e-2_262248,1,1,1,1,1,0,0,20260505,20261031
L516-1_262025,1,1,1,1,1,0,0,20260327,20261031
L516-3_262026,1,1,0,1,1,0,1,20260327,20261031
L516-3_262027,0,0,1,0,0,1,0,20260327,20261031
L516-4_262028,1,1,0,1,1,0,1,20260327,20261031
L516-4_262029,0,0,1,0,0,1,0,20260327,20261031
L516-5_262030,0,0,1,0,0,1,0,20260327,20261031
L516-6_262031,0,0,1,0,0,1,0,20260327,20261031
L517-1_262032,1,1,1,1,1,0,0,20260327,20261031
L517-1_262033,0,0,0,0,0,1,1,20260327,20261031
L517-2_262034,1,1,1,1,1,1,1,20260327,20261031
L517-3_262035,1,1,1,1,1,1,1,20260327,20261031
L517-4_262036,1,1,1,1,1,1,1,20260327,20261031
L517-5_262037,1,1,1,1,1,1,1,20260327,20261031
L518-1_261799,1,1,1,1,1,1,1,20260327,20261031
L518-2_261800,1,1,1,1,1,1,1,20260327,20261031
L521-1_262136,1,1,1,1,1,1,1,20260424,20261031
L521-2_262137,1,1,1,1,1,1,1,20260424,20261031
LA11-1_261745,1,1,1,1,1,1,1,20260327,20261031
LA11-2_261746,1,1,1,1,1,1,1,20260327,20261031
LA32-1_261904,1,1,1,1,1,1,1,20260327,20261031
LA32-2_261905,1,1,1,1,1,1,1,20260327,20261031
LA32-3_261906,1,1,1,1,1,1,1,20260327,20261031
LA32-4_261907,1,1,1,1,1,1,1,20260327,20261031
LA32-5_262060,1,1,1,1,1,1,1,20260327,20261031
LA42-1_272265,1,1,1,1,1,1,1,20260515,20261015
LA42-1_262090_2,1,1,1,1,1,1,1,20261016,20261031
LA42-2_261940,1,1,1,1,1,1,1,20260515,20261015
LA42-2_272264_2,1,1,1,1,1,1,1,20261016,20261031
LA42-3_272266,1,1,1,1,1,1,1,20260515,20261015
LA42-4_272279,1,1,1,1,1,1,1,20260516,20261015
LA51-1_261971,1,1,1,1,1,1,1,20260327,20261031
LA51-2_261972,1,1,1,1,1,1,1,20260327,20261031
M1-1_260705,1,1,1,1,1,0,0,20250703,20350630
M1-1_260706,0,0,0,0,0,1,0,20250703,20350630
M1-2_260708,1,1,1,1,1,0,0,20250701,20350630
M1-2_260748,0,0,0,0,0,1,0,20250901,20350731
T1-1_261507,1,1,1,1,1,0,0,20251117,20351130
T1-2_261508,1,1,1,1,1,0,0,20251117,20351130
T2-1_261509,1,1,1,1,1,0,0,20251117,20351130
T2-1_261510,0,0,0,0,0,1,1,20251117,20351130
T2-2_261511,1,1,1,1,1,0,0,20251117,20351130
T2-2_261512,0,0,0,0,0,1,1,20251117,20351130
T3-1_261513,1,1,1,1,1,0,0,20251117,20351130
T3-1_261514,0,0,0,0,0,1,1,20251117,20351130
T3-2_261515,1,1,1,1,1,0,0,20251117,20351130
T3-2_261516,0,0,0,0,0,1,1,20251117,20351130
